0.000000000000000000e+00
3.591137309708059000e-05
6.281549129996663594e-03
1.273080431928173828e-02
2.677108370837991136e-02
4.395884160236479543e-02
6.964417663084331023e-02
1.355329893858454315e-01
2.362704718013232397e-01
3.720527531880958860e-01
5.278844092075607453e-01
6.950476807200969276e-01
1.042990944089083438e+00
1.269746448817929529e+00
1.311271728800993186e+00
1.321157887477957704e+00
1.328208112131028740e+00
1.331607802050783773e+00
1.335429490090726423e+00
1.341191207268724206e+00
1.348634022368237151e+00
1.357210461952889302e+00
1.366282770960592252e+00
1.375210714391490008e+00
1.383560583988694637e+00
1.391010528128755475e+00
1.397885914734798840e+00
1.404066770403503472e+00
1.408721633412757690e+00
1.411474960879325113e+00
1.412526990388808690e+00
1.412526990388808690e+00
1.412526990388808690e+00
1.412526990388808690e+00
1.412526990388808690e+00
1.412526990388808690e+00
1.412526990388808690e+00
1.412526990388808690e+00
1.412526990388808690e+00
