1.000000000000000000e+02
9.963274004810691054e+01
9.511975101247416831e+01
9.303710897090654441e+01
8.986899467821666576e+01
8.697787963269834677e+01
8.354870887475577490e+01
7.688349747183292493e+01
6.921959932486535649e+01
6.101752656374779349e+01
5.314636202459303149e+01
4.651624476726652091e+01
4.129348883992487629e+01
3.732426772895536971e+01
3.426371357997183509e+01
3.204467617322321615e+01
3.072180901783328366e+01
3.023920028145214545e+01
2.980350874665770178e+01
2.932119092912468616e+01
2.881654743559610665e+01
2.830685949617725683e+01
2.780530973629604219e+01
2.732374782089264187e+01
2.686635798652326912e+01
2.643686090773685393e+01
2.600330610495477757e+01
2.555283142900893623e+01
2.512988072983447907e+01
2.479223715829020236e+01
2.461614942404293060e+01
2.461614942404293060e+01
2.461614942404293060e+01
2.461614942404293060e+01
2.461614942404293060e+01
2.461614942404293060e+01
2.461614942404293060e+01
2.461614942404293416e+01
2.461614942404293060e+01
