0.000000000000000000e+00
2.052480000000000082e+00
4.835642879999999977e+00
5.537591039999999687e+00
6.484810560000000557e+00
7.671143999999999963e+00
9.090433920000000612e+00
1.073241792000000139e+01
1.258991232000000160e+01
1.464957600000000149e+01
1.689909408000000113e+01
1.932717792000000046e+01
2.191638144000000210e+01
2.465336351999999920e+01
2.752067807999999971e+01
3.050087904000000094e+01
3.357754656000000182e+01
3.673015583999999478e+01
3.994126080000000201e+01
4.319033663999999817e+01
4.645993727999999834e+01
4.972851168000000399e+01
5.297758752000000015e+01
5.618664000000000414e+01
5.933719680000000096e+01
6.241078559999999698e+01
6.538790783999999690e+01
6.825111744000000158e+01
7.098296832000001189e+01
7.356806688000000349e+01
7.598999327999999309e+01
7.823438016000000061e+01
8.028686016000000336e+01
8.213717088000001354e+01
8.377299743999999748e+01
8.518407744000001003e+01
8.636322720000001141e+01
8.730223680000000286e+01
8.799597504000000470e+01
8.863224384000000100e+01
