2.000000000000000000e+01
2.000000000000000000e+01
2.000000000000000000e+01
2.000000000000000000e+01
2.000000000000000000e+01
2.000000000000000000e+01
2.000000000000000000e+01
2.000000000000000000e+01
2.000000000000000000e+01
2.000000000000000000e+01
1.993012778784866157e+01
1.738105656491130091e+01
1.460433568459191100e+01
1.188843531776837992e+01
9.180621418161070579e+00
6.509750327054302232e+00
4.771480196390882611e+00
3.665779118264726577e+00
2.730694622576454123e+00
1.892251882450455724e+00
1.141058079437968331e+00
4.710630689978607677e-01
-1.242894245057648561e-01
-6.508062485461074687e-01
-1.115179684218580825e+00
-1.523493846902557181e+00
-1.884397997821082527e+00
-2.202517303252170322e+00
-2.477781028935556407e+00
-2.712588169545076866e+00
-2.911555188763351509e+00
-3.080816742852123369e+00
-3.227814356617022540e+00
-3.354398840068678389e+00
-3.461913782558664998e+00
-3.551521436202964566e+00
-3.624275524065101450e+00
-3.680881387954753059e+00
-3.721966206078592521e+00
