1.000000000000000284e+02
9.964922747004727910e+01
9.520015097652573388e+01
9.313787815659398461e+01
8.999821795946064640e+01
8.635337568838113498e+01
8.112412747531324442e+01
7.507204353889045478e+01
6.838145803617085505e+01
6.076756368899614813e+01
5.298534987158157605e+01
4.642474514041131783e+01
4.125308139080582492e+01
3.731904486045458924e+01
3.427947127840146635e+01
3.206741714972389445e+01
3.073562544228070692e+01
3.024024429260285274e+01
2.980358649096069357e+01
2.932049324795984546e+01
2.881522500505908013e+01
2.830501671998292679e+01
2.780301778326341022e+01
2.732105710480474059e+01
2.686330795216602496e+01
2.643348717007550874e+01
2.599964081208278444e+01
2.554890043646472719e+01
2.512571822278944467e+01
2.478790776720670053e+01
2.461177422488109556e+01
2.461177422488109556e+01
2.461177422488109556e+01
2.461177422488109556e+01
2.461177422488109556e+01
2.461177422488109556e+01
2.461177422488109556e+01
2.461177422488109201e+01
2.461177422488109201e+01
