4.55742e-16 -2.00000e+01
3.07872e+00 -2.00000e+01
6.15744e+00 -2.00000e+01
7.18372e+00 -2.00000e+01
8.92881e+00 -2.00000e+01
1.06749e+01 -2.00000e+01
1.25248e+01 -2.00000e+01
1.35530e+01 -2.00000e+01
1.54039e+01 -1.99630e+01
1.86931e+01 -1.80104e+01
2.19798e+01 -1.45130e+01
2.52649e+01 -1.13000e+01
2.85493e+01 -8.26392e+00
3.18333e+01 -5.76225e+00
3.51176e+01 -4.22875e+00
4.12758e+01 -2.38214e+00
4.78451e+01 -8.54057e-01
5.44145e+01 3.62340e-01
6.09838e+01 1.33560e+00
6.75528e+01 2.12606e+00
7.41213e+01 2.75867e+00
8.11003e+01 3.28381e+00
8.26397e+01 3.38773e+00
8.41795e+01 3.48798e+00
8.57192e+01 3.58475e+00
8.72588e+01 3.67845e+00
8.86317e+01 3.72213e+00