4.44089E-16 -1.45000E+01	
3.00000E+00 -1.45000E+01	
6.00000E+00 -1.44851E+01	
7.00004E+00 -1.44610E+01	
8.70051E+00 -1.43388E+01	
1.04020E+01 -1.40201E+01	
1.22046E+01 -1.33904E+01	
1.32065E+01 -1.29371E+01	
1.50100E+01 -1.19445E+01	
1.82151E+01 -9.98243E+00	
2.14178E+01 -8.45147E+00	
2.46189E+01 -7.46417E+00	
2.78193E+01 -6.72916E+00	
3.10194E+01 -6.08842E+00	
3.42197E+01 -5.49322E+00	
4.02204E+01 -4.39222E+00	
4.66217E+01 -3.09315E+00	
5.30232E+01 -1.75629E+00	
5.94245E+01 -5.00650E-01	
6.58255E+01 6.01964E-01	
7.22261E+01 1.55560E+00	
7.90266E+01 2.51935E+00	
8.05267E+01 2.72950E+00	
8.20271E+01 2.93201E+00	
8.35274E+01 3.11874E+00	
8.50277E+01 3.28847E+00	
8.63655E+01 3.42796E+00	