  begin c2_def;
    nsec 27;
    sec  1    0.00000e+00    7.00600e-05    4.57024e-16   -2.00000e+01 ;
    sec  2   -2.06477e-05   -1.22119e-02    3.08738e+00   -2.00000e+01 ;
    sec  3   -7.28810e-03   -2.49251e-02    6.17476e+00   -2.00000e+01 ;
    sec  4   -1.89235e-02   -2.73351e-02    7.20393e+00   -2.00000e+01 ;
    sec  5   -5.41282e-02   -2.82163e-02    8.95393e+00   -2.00000e+01 ;
    sec  6   -1.26633e-01   -2.13210e-02    1.07050e+01   -2.00000e+01 ;
    sec  7   -2.25666e-01   -1.28378e-02    1.25601e+01   -2.00000e+01 ;
    sec  8   -2.88563e-01   -7.70659e-03    1.35912e+01   -2.00000e+01 ;
    sec  9   -3.99194e-01   -4.88317e-03    1.54472e+01   -1.99661e+01 ;
    sec 10   -5.76634e-01   -1.80296e-02    1.87457e+01   -1.80188e+01 ;
    sec 11   -7.07136e-01   -5.01772e-02    2.20416e+01   -1.45195e+01 ;
    sec 12   -7.91081e-01   -9.41228e-02    2.53360e+01   -1.13025e+01 ;
    sec 13   -8.37195e-01   -1.48880e-01    2.86296e+01   -8.26261e+00 ;
    sec 14   -8.53948e-01   -2.14514e-01    3.19229e+01   -5.76092e+00 ;
    sec 15   -8.49367e-01   -2.90618e-01    3.52164e+01   -4.22932e+00 ;
    sec 16   -7.93920e-01   -4.62574e-01    4.13919e+01   -2.38311e+00 ;
    sec 17   -7.16284e-01   -6.88437e-01    4.79796e+01   -8.54769e-01 ;
    sec 18   -6.34358e-01   -9.60017e-01    5.45676e+01    3.61811e-01 ;
    sec 19   -5.53179e-01   -1.28424e+00    6.11554e+01    1.33521e+00 ;
    sec 20   -4.75422e-01   -1.66402e+00    6.77428e+01    2.12580e+00 ;
    sec 21   -4.03180e-01   -2.10743e+00    7.43298e+01    2.75852e+00 ;
    sec 22   -3.30085e-01   -2.65630e+00    8.13284e+01    3.28373e+00 ;
    sec 23   -3.10140e-01   -2.78882e+00    8.28722e+01    3.38766e+00 ;
    sec 24   -2.86719e-01   -2.92517e+00    8.44163e+01    3.48793e+00 ;
    sec 25   -2.55823e-01   -3.06577e+00    8.59603e+01    3.58470e+00 ;
    sec 26   -2.07891e-01   -3.20952e+00    8.75043e+01    3.67840e+00 ;
    sec 27   -8.98940e-02   -3.33685e+00    8.88811e+01    3.72209e+00 ;
  end c2_def;
