0.000000000000000000e+00
2.424564912131832450e-05
5.487530211518522327e-03
1.131298431826846529e-02
2.413906314599272018e-02
3.960037447427932483e-02
8.998271208091028484e-02
1.577615511519585012e-01
2.580141538599546314e-01
3.908408616465797736e-01
5.419709470349860503e-01
7.132248438781854105e-01
1.054510286243762751e+00
1.270111678926977294e+00
1.310833681013589880e+00
1.320626064636431396e+00
1.327599360251651817e+00
1.331222569547412027e+00
1.334915650937442688e+00
1.340535146631975483e+00
1.347873706936953964e+00
1.356385780340490621e+00
1.365432469378445868e+00
1.374371347519559583e+00
1.382766167519646094e+00
1.390292247351710309e+00
1.397276513153722810e+00
1.403598317404924245e+00
1.408407471079968776e+00
1.411296730785148723e+00
1.412437758536279730e+00
1.412437758536279730e+00
1.412437758536279730e+00
1.412437758536279730e+00
1.412437758536279730e+00
1.412437758536279730e+00
1.412437758536279730e+00
1.412437758536279730e+00
1.412437758536279730e+00
