  begin c2_def;
    nsec 27;
    sec  1    0.00000e+00    7.00600e-05    4.52704e-16   -2.00000e+01 ;
    sec  2   -2.06477e-05   -1.22119e-02    3.05820e+00   -2.00000e+01 ;
    sec  3   -7.28810e-03   -2.49251e-02    6.11640e+00   -2.00000e+01 ;
    sec  4   -1.89235e-02   -2.73351e-02    7.13584e+00   -2.00000e+01 ;
    sec  5   -5.41282e-02   -2.82163e-02    8.86930e+00   -2.00000e+01 ;
    sec  6   -1.26633e-01   -2.13210e-02    1.06038e+01   -2.00000e+01 ;
    sec  7   -2.25666e-01   -1.28378e-02    1.24414e+01   -2.00000e+01 ;
    sec  8   -2.88563e-01   -7.70659e-03    1.34627e+01   -2.00000e+01 ;
    sec  9   -3.99194e-01   -4.88317e-03    1.53012e+01   -1.98822e+01 ;
    sec 10   -5.76634e-01   -1.80296e-02    1.85685e+01   -1.77793e+01 ;
    sec 11   -7.07136e-01   -5.01772e-02    2.18333e+01   -1.43055e+01 ;
    sec 12   -7.91081e-01   -9.41228e-02    2.50965e+01   -1.11403e+01 ;
    sec 13   -8.37195e-01   -1.48880e-01    2.83590e+01   -8.15314e+00 ;
    sec 14   -8.53948e-01   -2.14514e-01    3.16212e+01   -5.66218e+00 ;
    sec 15   -8.49367e-01   -2.90618e-01    3.48836e+01   -4.11607e+00 ;
    sec 16   -7.93920e-01   -4.62574e-01    4.10007e+01   -2.27416e+00 ;
    sec 17   -7.16284e-01   -6.88437e-01    4.75262e+01   -7.58565e-01 ;
    sec 18   -6.34358e-01   -9.60017e-01    5.40519e+01    4.48258e-01 ;
    sec 19   -5.53179e-01   -1.28424e+00    6.05773e+01    1.41421e+00 ;
    sec 20   -4.75422e-01   -1.66402e+00    6.71025e+01    2.19937e+00 ;
    sec 21   -4.03180e-01   -2.10743e+00    7.36273e+01    2.82797e+00 ;
    sec 22   -3.30085e-01   -2.65630e+00    8.05597e+01    3.34786e+00 ;
    sec 23   -3.10140e-01   -2.78882e+00    8.20889e+01    3.45065e+00 ;
    sec 24   -2.86719e-01   -2.92517e+00    8.36184e+01    3.54981e+00 ;
    sec 25   -2.55823e-01   -3.06577e+00    8.51478e+01    3.64552e+00 ;
    sec 26   -2.07891e-01   -3.20952e+00    8.66772e+01    3.73819e+00 ;
    sec 27   -8.98940e-02   -3.33685e+00    8.80410e+01    3.78140e+00 ;
  end c2_def;
