1.000000000000000284e+02
9.969825169146211863e+01
9.544014734160253965e+01
9.343906102039235861e+01
9.038517082759059917e+01
8.764915722011951971e+01
8.125377395156857574e+01
7.500849860573484307e+01
6.778291550895325202e+01
5.999920686026366212e+01
5.248932308043495709e+01
4.614410622126023043e+01
4.113345803027394254e+01
3.731336887291716664e+01
3.434568879393849983e+01
3.216433691099714309e+01
3.081735485138594655e+01
3.028997611000559687e+01
2.985418311649277001e+01
2.937051031641360765e+01
2.886461179590697412e+01
2.835388140627726372e+01
2.785146039269645968e+01
2.736906151716836533e+01
2.691065175436137125e+01
2.647967535399956063e+01
2.604390563006347037e+01
2.559019678263366160e+01
2.516254121624831441e+01
2.481819868299142584e+01
2.463312183338976524e+01
2.463312183338976880e+01
2.463312183338976524e+01
2.463312183338976169e+01
2.463312183338976524e+01
2.463312183338976524e+01
2.463312183338976524e+01
2.463312183338976524e+01
2.463312183338976524e+01
