  17 Wind speed [m/s]          Pitch [deg]
             0.0             3.712150
			 4.0             3.712150
             5.0             2.824079
             6.0             1.447366
             7.0             0.001224
             8.0             0.000000
             10.000000             0.5
             10.500000             0.8
             11.000000             2.5
             11.100000             2.8
             11.200000             3.0
             11.300000             3.3
             11.400000             3.7
             11.500000             3.9
             11.600000             4.1
            50.0             0.000000
			