1 number of sets
#1
$1  51
0.000000000000000000e+00 1.257120224704291331e+03 -4.316187240047798454e-03 -3.604217299520066139e-03 1.875087061691121049e+00 1.814688329589813964e+00 -2.970523502545654917e-03 -9.725117661074081030e-03 1.261237767420000076e+10 2.526806621369999886e+09 5.479204969873713083e+00 5.402960795609223155e+00 1.213609632019682572e+01 5.452144532830000001e-01 7.039023117699999554e-01 1.490368800299816998e+00 0.000000000000000000e+00 -5.002806451379604967e-03 -3.320515628717981768e-03
2.071678756476683869e+00 1.259373796084516016e+03 -5.596536362998375327e-03 -3.748382622585233123e-03 1.875831602002779208e+00 1.814428479114601922e+00 -3.678592017515320417e-03 -9.870749498915356787e-03 1.264187641729999924e+10 2.527648248869999886e+09 5.493254305617529809e+00 5.399652850933600590e+00 1.214186357999620469e+01 5.456707508729999878e-01 7.029698211820000209e-01 1.491567525459905674e+00 0.000000000000000000e+00 -6.448656215020760404e-03 -3.392052561183455175e-03
3.847265355628826988e+00 1.271130090812851677e+03 -1.208764880217746106e-02 -5.856990686707595588e-03 1.870572463827202103e+00 1.809119233154887096e+00 -1.641619926721526318e-03 -8.715934001977143977e-03 1.251169505850000000e+10 2.480149313260000229e+09 5.623614836329982936e+00 5.456836475151309429e+00 1.230499865257329084e+01 5.504454699840000131e-01 6.937262793799999772e-01 1.527377680442941976e+00 0.000000000000000000e+00 -6.298446834411846988e-03 -4.227439103988024291e-03
5.622687470560528311e+00 1.238072086826832901e+03 -1.777062886758207574e-02 -5.560257245541698826e-03 1.842941953821302548e+00 1.796611659989625354e+00 6.428536483248398214e-03 5.093223472692957714e-03 1.232125201020000076e+10 2.428219917769999981e+09 5.452254443306253862e+00 5.265372922177763648e+00 1.177322735427869560e+01 5.614342221520000065e-01 6.738861936140000397e-01 1.514398544837648020e+00 0.000000000000000000e+00 -1.651881010826955140e-02 -4.594848768918653042e-03
7.398140426283561055e+00 1.176919798010217391e+03 -1.465882150128956741e-03 -8.461834142465284037e-03 1.784381095686917051e+00 1.769751334300294410e+00 3.842652225641227104e-02 1.142404904409503007e-02 1.144143774639999962e+10 2.208310035219999790e+09 5.325726054094342743e+00 5.178311925566813301e+00 1.119831151577779238e+01 5.700725571139999559e-01 6.403877197220000372e-01 1.556297698729862233e+00 0.000000000000000000e+00 1.391425965556300146e-02 -5.392775290826319450e-03
9.173593382006595576e+00 1.108951186518426084e+03 1.969734848665802979e-02 -3.740536884778686115e-03 1.664080892520749089e+00 1.767807323117275065e+00 1.152982333850765401e-01 3.810812982542805677e-02 1.095345052420000076e+10 2.086808227720000029e+09 4.497156086171853140e+00 5.186546968566479343e+00 9.842890842560152009e+00 5.857277187149999564e-01 5.847446280529999818e-01 1.540010955326504005e+00 -4.280395488900000345e+01 4.199918090418335026e-02 2.579707206439507943e-03
1.094878933113518649e+01 1.030024641963542990e+03 1.008644638718196040e-01 4.074075218723103783e-03 1.556624559586010426e+00 1.712415991499576240e+00 2.990263385582571654e-01 6.932360583972703438e-02 1.016250274789999962e+10 1.902067135509999990e+09 3.933836966538966529e+00 4.828948938351016018e+00 8.203068955886120506e+00 5.939147863889999712e-01 5.245650234249999988e-01 1.542086115461247742e+00 -3.590939731059999929e+01 1.403320921323787107e-01 8.294410631347609933e-03
1.272285445124823333e+01 9.603931712973895856e+02 1.605405380506300106e-01 1.277688969265909115e-02 1.422522920368488153e+00 1.677562935281982970e+00 5.133037530431064921e-01 1.029530567098975447e-01 9.683211777170000076e+09 1.785633828869999886e+09 3.274625774918164200e+00 4.367861857809114845e+00 6.317897361493275632e+00 5.913668887230000282e-01 4.598905021640000146e-01 1.511685913777948809e+00 -2.573682825819999920e+01 2.098278614731052816e-01 1.129557700422173863e-02
1.449948963730570028e+01 9.182568339683161867e+02 2.614564262101201630e-01 2.268274565012600233e-02 1.284844331373469206e+00 1.652767902609079131e+00 7.754615911402354955e-01 9.406051529287129398e-02 9.337642400860000610e+09 1.709739599880000114e+09 2.714115610566552039e+00 4.039008363741007024e+00 4.865295231624236827e+00 5.954269862909999933e-01 4.070510537290000230e-01 1.500163537637335009e+00 -1.892689441370000125e+01 3.190562800127932364e-01 1.688049238522150441e-02
1.597984762129062730e+01 8.935643283697754669e+02 3.307198716322609644e-01 3.136246151875436011e-02 1.186108785728944959e+00 1.644723919260339340e+00 9.607794832467639878e-01 9.873015876492181875e-02 9.374648500680000305e+09 1.739422962509999990e+09 2.278502603188164777e+00 3.784685541051274971e+00 3.870810946877739411e+00 6.126974997490000074e-01 3.636300070749999835e-01 1.453846008442280402e+00 -1.427625253639999947e+01 3.967251345555028452e-01 2.337774860275436059e-02
1.819411363636363532e+01 8.192102185803878456e+02 3.959711488701013193e-01 3.283771914149010568e-02 1.080328452154804442e+00 1.636731561936493051e+00 1.120021005820760696e+00 1.065671279431723989e-01 8.624632891030000687e+09 1.589827470799999952e+09 1.914918489469773055e+00 3.561557665504441861e+00 2.846591471826957598e+00 5.779910263080000332e-01 3.366770238119999870e-01 1.431946437531496086e+00 -1.097380596770000061e+01 4.972707176655098982e-01 2.228527770331052704e-02
1.997630016486104410e+01 7.776147778282099807e+02 4.374054026862011502e-01 3.914318309584832734e-02 1.021067914139915267e+00 1.643452817608148875e+00 1.122962266564295764e+00 1.256254333241121068e-01 8.437603185710000038e+09 1.562263152289999962e+09 1.675139062069186169e+00 3.360138149868516333e+00 2.395555741026329066e+00 5.429976056059999667e-01 3.333834705290000255e-01 1.379194974094225756e+00 -8.868245655100000846e+00 5.658696236118899714e-01 2.946765880126695977e-02
2.175231853509185243e+01 7.304065276595630394e+02 4.945669065677437692e-01 4.251920998602908702e-02 9.715327074407500429e-01 1.631746998113082991e+00 1.203961269350624086e+00 1.258972138768417459e-01 8.129262897710000038e+09 1.503444060460000038e+09 1.484933353532585265e+00 3.150797402631743793e+00 1.959678959361128125e+00 4.979723488989999947e-01 3.245372403910000147e-01 1.335006015482280262e+00 -7.621937975319999836e+00 6.381920932307889593e-01 3.435640609877508439e-02
2.352772008949599680e+01 6.920731559105821589e+02 5.516942838296714502e-01 4.331850031278249719e-02 9.265458070671656055e-01 1.616473330276731124e+00 1.272361127080039900e+00 1.212546123025965566e-01 7.849814928260000229e+09 1.450790697640000105e+09 1.327900276558459547e+00 2.937615145736014011e+00 1.631352177537816805e+00 4.561354931869999740e-01 3.193266646169999889e-01 1.300390099159095980e+00 -6.789582816140000254e+00 7.158632553822527056e-01 3.634758963848810920e-02
2.530312164390014118e+01 6.614498423822474251e+02 6.021837099018758632e-01 4.181989875002720125e-02 8.843662847215026934e-01 1.595983458655640508e+00 1.324216686362600148e+00 1.152461765677849637e-01 7.693317886189999580e+09 1.422515663990000010e+09 1.181546260671638260e+00 2.725209145227729834e+00 1.369083554218401000e+00 4.225675180540000020e-01 3.159738431890000143e-01 1.261765237243635207e+00 -6.090295048579999815e+00 7.802699065583019733e-01 3.549759614067145297e-02
2.707903721149317278e+01 6.270442317946832418e+02 5.912978277674824090e-01 3.792582231094924344e-02 8.355444638722822059e-01 1.607853050894653801e+00 1.350741324348398553e+00 1.011924585441203450e-01 7.680136993510000229e+09 1.413741898599999905e+09 1.000966278800134113e+00 2.727319455803433268e+00 1.120801718518796397e+00 3.822625166590000179e-01 3.128548494150000248e-01 1.198847412725922545e+00 -4.893401823689999652e+00 7.551607854992345992e-01 3.161931269308431575e-02
2.885495277908620082e+01 6.139903137463592202e+02 6.050415162792888157e-01 3.060329561367816989e-02 7.932192581342523141e-01 1.577911250628249995e+00 1.345951804505193028e+00 8.671436984511141088e-02 7.752077616810000420e+09 1.424328088940000057e+09 8.779036853100334881e-01 2.544854228403393037e+00 9.743290040789324147e-01 3.826885209190000192e-01 3.091433407659999744e-01 1.166613747729883244e+00 -4.529817658889999876e+00 7.748974508732147104e-01 2.415196490960751577e-02
3.063035433349034520e+01 5.984086692501072093e+02 6.235410115711929047e-01 2.394211645908631697e-02 7.546969397652519840e-01 1.544423209736905278e+00 1.358318830447962755e+00 7.436775244236527860e-02 7.832661956789999962e+09 1.430158109950000048e+09 7.696346208144652090e-01 2.354203098138809125e+00 8.508894750681043062e-01 3.754208069459999964e-01 3.041752873799999923e-01 1.131122887979547409e+00 -4.252126958879999918e+00 7.937833561771455715e-01 1.722106090880228674e-02
3.240637270372114642e+01 5.793958028583151645e+02 6.282394985128650911e-01 1.966637169586505154e-02 7.206775422066733494e-01 1.503310429981547403e+00 1.344174403737611767e+00 6.470225608731888789e-02 8.143831679289999962e+09 1.481598438160000086e+09 6.580287083516336288e-01 2.063366863852531541e+00 7.251179198320253372e-01 3.788923553710000225e-01 2.990642727999999750e-01 1.063098450646176696e+00 -4.103051481499999653e+00 8.127555674505028138e-01 1.270023907383101801e-02
3.418228827131417802e+01 5.597522129284392349e+02 6.444738540056276221e-01 1.799950626317628477e-02 6.895017292664483710e-01 1.458083248042510771e+00 1.333537925191109252e+00 6.083460740380782633e-02 8.181877692720000267e+09 1.477206429930000067e+09 5.816430790097411041e-01 1.848006463209291628e+00 6.301860045725358184e-01 3.737995705020000226e-01 2.925414555440000175e-01 1.027295043451610601e+00 -3.926219533279999840e+00 8.324390153736351827e-01 1.090906516320113047e-02
3.595779262835610268e+01 5.393173452724400931e+02 6.514237278722692093e-01 1.798627769674635002e-02 6.601324391247527235e-01 1.418511883852072497e+00 1.315444644853791756e+00 5.918803952654569378e-02 8.679322067649999619e+09 1.562072450480000019e+09 4.877891939870009352e-01 1.599296120155078160e+00 5.323464422795665119e-01 3.762933690229999795e-01 2.851964893699999726e-01 9.453798817537554244e-01 -3.650664881760000036e+00 8.326120794816662674e-01 1.104186380711163519e-02
3.773370819594912717e+01 5.227982178157593580e+02 6.386414696610728248e-01 1.905602223900777423e-02 6.294458777132606597e-01 1.381336823344748055e+00 1.283464006154109605e+00 5.939121483075777280e-02 8.752987815520000458e+09 1.571157655519999981e+09 4.274853395370842302e-01 1.464666989370851935e+00 4.651890046492064834e-01 3.779732576839999747e-01 2.776494146299999799e-01 9.122092615505960067e-01 -3.350418509199999839e+00 8.164779651550364559e-01 1.219559893004463005e-02
3.950962376354215877e+01 5.046554864347854163e+02 6.339988532390427034e-01 2.034562521262977056e-02 6.007530927058643000e-01 1.338206157618723635e+00 1.259991898487953454e+00 6.044742248739461143e-02 8.820317413190000534e+09 1.572232085559999943e+09 3.742191780621704766e-01 1.322001302233658526e+00 4.054985915353928605e-01 3.708060489130000081e-01 2.728946238730000085e-01 8.780046135987134015e-01 -3.092324316770000081e+00 8.050867549470996920e-01 1.360408140339990600e-02
4.119620383890720205e+01 4.871274215582424745e+02 6.161343842114661573e-01 2.210183955431877303e-02 5.744686410656029141e-01 1.301890267257583611e+00 1.222918214982265495e+00 6.101623549904604954e-02 8.971864278159999847e+09 1.593495436640000105e+09 3.259271179162612775e-01 1.178678561697495075e+00 3.524894244847056046e-01 3.734158727240000086e-01 2.674086417439999752e-01 8.373383669063341195e-01 -2.886128372910000017e+00 7.898328262997126314e-01 1.540993625505169586e-02
4.297232501177579422e+01 4.668872193482882267e+02 6.016155535644841512e-01 2.389019281675223635e-02 5.485113364347915521e-01 1.257999935950047110e+00 1.191156341498563309e+00 6.217988263581111785e-02 9.146474574799999237e+09 1.619973515930000067e+09 2.804100807530748307e-01 1.038280877455180384e+00 3.055593867954882747e-01 3.784797959480000196e-01 2.593173452590000205e-01 7.918417183122787861e-01 -2.645820336389999916e+00 7.755530236253415088e-01 1.738811048744547810e-02
4.474813777673104198e+01 4.495085005648134597e+02 5.823490906310151427e-01 2.574036292431959583e-02 5.228667032819477312e-01 1.222731404855970538e+00 1.159119458889778631e+00 6.281168812135669299e-02 9.299849790059999466e+09 1.644331486910000086e+09 2.419245361067724198e-01 9.252404634191994104e-01 2.661589814723109293e-01 3.813054519280000276e-01 2.550922044160000013e-01 7.527261318242534083e-01 -2.410702201939999956e+00 7.555321564825400182e-01 1.938477702650765258e-02
4.652353933113518991e+01 4.241960335501078134e+02 5.905447727995937202e-01 2.670239626366073885e-02 5.013995500878850597e-01 1.166040310714401951e+00 1.124132597442004222e+00 6.384251103598975741e-02 9.645783763290000916e+09 1.692481905940000057e+09 2.034009602917441206e-01 7.693516206224307874e-01 2.229602815205082855e-01 3.775315360079999905e-01 2.550726989270000189e-01 6.911511576942774848e-01 -2.255221378229999907e+00 7.507925776570336662e-01 2.077678048416486262e-02
4.829955770136599114e+01 4.070350294698588414e+02 5.697421399702815581e-01 2.806276265765885597e-02 4.781656744130475811e-01 1.130900974008278492e+00 1.090425531572974505e+00 6.386632978530946969e-02 9.618947597950000763e+09 1.687492685759999990e+09 1.782241590245397800e-01 6.935661599901906671e-01 1.966318995025399807e-01 3.811342215180000270e-01 2.480794583860000124e-01 6.656488061107694865e-01 -2.047028064160000049e+00 7.277733030303250583e-01 2.232814822708502345e-02
5.007547326895901563e+01 3.867477407317854841e+02 5.625686050713801789e-01 2.873547407927225586e-02 4.579980226848080482e-01 1.087326827993429168e+00 1.055701867833737539e+00 6.397116164897939661e-02 1.027501173170000076e+10 1.799754639289999962e+09 1.462658707841052175e-01 5.792616630809550582e-01 1.638342592807920106e-01 3.847996817770000244e-01 2.466633463329999942e-01 5.990473718143396464e-01 -1.854952717450000010e+00 7.081236819471196098e-01 2.339201817830157890e-02
5.185087482336316356e+01 3.666566148727929431e+02 5.462350390685538626e-01 2.927717485586198848e-02 4.381165766058066624e-01 1.047534696464519577e+00 1.019844480646017404e+00 6.373349471225624174e-02 1.017653717029999924e+10 1.770943086029999971e+09 1.282928766599444881e-01 5.124634975263637759e-01 1.420040156548195709e-01 3.794763727920000274e-01 2.425909812110000063e-01 5.742504224346584030e-01 -1.695884951540000074e+00 6.887930560405393088e-01 2.412431079156182254e-02
5.371561186999528559e+01 3.448700345862872041e+02 5.395546097476872083e-01 2.929102529097103377e-02 4.199428008974187554e-01 9.939511742255016102e-01 9.811669133048104285e-01 6.280506771012787925e-02 1.084739141350000000e+10 1.889262015809999943e+09 1.045226869956550481e-01 4.109778192966485055e-01 1.173284868639535572e-01 3.838544956939999864e-01 2.424952912770000080e-01 5.116710847676128049e-01 -1.563023744379999913e+00 6.729475276071055223e-01 2.452256017885280290e-02
5.549152743758832429e+01 3.279002687028414584e+02 5.162601718361445879e-01 2.939057461889342873e-02 4.018581969125447628e-01 9.615715797399693177e-01 9.465688046116462750e-01 6.140803225291956852e-02 1.100209601400000000e+10 1.915659137309999943e+09 8.988261589223264791e-02 3.593460278365448457e-01 1.019285627714240638e-01 3.887221729379999879e-01 2.393518657419999862e-01 4.809853932955095446e-01 -1.417488907060000081e+00 6.482237488508407752e-01 2.474027573220042436e-02
5.726703179463024185e+01 3.082364284355934387e+02 5.102637291454663604e-01 2.874838679456947696e-02 3.862187655851000989e-01 9.186357364945584303e-01 9.143233695658679050e-01 6.040043588653473683e-02 1.144757455150000000e+10 1.987667956529999971e+09 7.527395450900339902e-02 2.975654640635368997e-01 8.561606447404596087e-02 3.812946610060000130e-01 2.417001436050000007e-01 4.373987078732524680e-01 -1.289335880949999957e+00 6.304247004879580674e-01 2.448458649599222908e-02
5.904294736222327344e+01 2.879194422049736772e+02 4.950633631334562246e-01 2.808119261627508093e-02 3.713949983110845787e-01 8.776930766341709544e-01 8.714046901059644412e-01 5.862900525785397915e-02 1.190264474420000076e+10 2.068905438559999943e+09 6.271704303918253232e-02 2.454657889029343842e-01 7.156904891799323321e-02 3.869410767729999923e-01 2.399055988009999862e-01 3.951753496935271337e-01 -1.187369155340000093e+00 6.058187079762612504e-01 2.412353514288412618e-02
6.081886292981629794e+01 2.715502794690188466e+02 4.722159351837929564e-01 2.743616076838812853e-02 3.558485669540214502e-01 8.458161352882949124e-01 8.368343383018206350e-01 5.608307770689425348e-02 1.175467077010000038e+10 2.051982945420000076e+09 5.493032064435291600e-02 2.158081378569203235e-01 6.342075373927126558e-02 3.939763545669999756e-01 2.383382274040000137e-01 3.762197947196821990e-01 -1.095434945989999909e+00 5.810617288028026017e-01 2.356649750239719551e-02
6.259426448422044587e+01 2.512871355615947948e+02 4.622979917068770761e-01 2.617785056827920398e-02 3.433656666963094684e-01 8.055869384805769418e-01 8.055672967341203083e-01 5.423613742319900732e-02 1.254718950000000000e+10 2.198199564099999905e+09 4.446480319196818853e-02 1.710783452116357295e-01 5.151365598022582953e-02 3.875707935020000217e-01 2.385831540009999974e-01 3.286601052495054520e-01 -9.947611105410000265e-01 5.630463554501531354e-01 2.260475131693523432e-02
6.430685362694300977e+01 2.343729552972274064e+02 4.375151685825176551e-01 2.534432356490214436e-02 3.296829708990297036e-01 7.782548587741675572e-01 7.725435093331406433e-01 5.164093165131394825e-02 1.263380315320000076e+10 2.222454858900000095e+09 3.794099972725847175e-02 1.473347261677754871e-01 4.480961503290156744e-02 3.973247599899999982e-01 2.394909720420000110e-01 3.040513633843073826e-01 -9.215084415580000465e-01 5.367294234090084215e-01 2.179004148715061109e-02
6.608266639189825753e+01 2.147004576605853572e+02 4.169693102408796315e-01 2.422422620070537047e-02 3.164644313942769349e-01 7.425620598678321915e-01 7.297370794144606432e-01 4.917184890411281650e-02 1.312498975850000000e+10 2.316755976059999943e+09 3.090944865540539918e-02 1.185505255717070050e-01 3.712598453797471415e-02 4.076818765399999878e-01 2.467683304590000126e-01 2.686659942979294780e-01 -8.652469915839999803e-01 5.086098847484384899e-01 2.090865475379357144e-02
6.785806794630239835e+01 1.973860671830767615e+02 3.945875030936729089e-01 2.322113906714095774e-02 3.026789104207701642e-01 7.158526306227238623e-01 7.002879284067711207e-01 4.714908985597891788e-02 1.278941854760000038e+10 2.265980547079999924e+09 2.661448445094679802e-02 1.034485320239527939e-01 3.234546475909603341e-02 4.071727581899999837e-01 2.507422165400000069e-01 2.520116980904080761e-01 -7.819117093790000084e-01 4.827654350399399608e-01 1.997243315677284595e-02
6.963346950070655339e+01 1.814149281401642213e+02 3.689447701602060481e-01 2.241192839357925015e-02 2.888175782228697974e-01 6.895875547517663628e-01 6.670452765862942002e-01 4.437344011630994095e-02 1.241709539539999962e+10 2.227110184960000038e+09 2.284173164950166826e-02 8.973618614511100211e-02 2.844932230284671903e-02 4.205644454899999940e-01 2.536582114150000011e-01 2.363068557989993768e-01 -7.407863990849999913e-01 4.556314756682783851e-01 1.918703655614166156e-02
7.147291709844559193e+01 1.624933179860418306e+02 3.571352975730098800e-01 2.115096924695913580e-02 2.763357523555252104e-01 6.563500691997208314e-01 6.360749256332500767e-01 4.221950985879651536e-02 1.288561195500000000e+10 2.326796175369999886e+09 1.804751274025867200e-02 7.064526810059088002e-02 2.303670970481361269e-02 4.237681627589999778e-01 2.607343808759999826e-01 2.041051736046161913e-01 -6.721228773530000256e-01 4.332117343035268298e-01 1.820918766074752781e-02
7.324883266603863774e+01 1.480129010310286617e+02 3.294704753805098862e-01 2.041792821229981153e-02 2.633344480859349801e-01 6.324649906116769360e-01 6.047702636900660345e-01 3.951039806920619152e-02 1.291631881900000000e+10 2.391271216969999790e+09 1.478923960860804680e-02 5.923549395000214657e-02 1.937057443218183003e-02 4.364351053430000071e-01 2.626182300500000122e-01 1.835649787955003220e-01 -6.490845660270000428e-01 4.063938257371138008e-01 1.749670963447680014e-02
7.502423422044276435e+01 1.314163447576530359e+02 3.118940149897856950e-01 1.959485028974364274e-02 2.518965861663942651e-01 6.032818933589590982e-01 5.722853119386847043e-01 3.789568582583337231e-02 1.347357335720000076e+10 2.559974154929999828e+09 1.144895659582994586e-02 4.592226729605868724e-02 1.556618059395540286e-02 4.645214762100000061e-01 2.625852525419999917e-01 1.554024868671057269e-01 -5.993835412310000166e-01 3.805764366991074010e-01 1.690124851412211360e-02
7.675090732454074782e+01 1.151209728482096892e+02 2.795038652372515697e-01 1.896639921705416815e-02 2.390006403993688022e-01 5.889447688785197643e-01 5.396358964759868648e-01 3.562495066200353083e-02 1.328482329960000038e+10 2.543945030599999905e+09 9.139424006080644827e-03 3.872946267180295277e-02 1.272682500248495559e-02 4.661041260120000196e-01 2.760477079959999802e-01 1.368646787389455888e-01 -5.741985758840000287e-01 3.477387678936952886e-01 1.630922501847103037e-02
7.852672008949600979e+01 1.005886629431036710e+02 2.563612606874717814e-01 1.842934162080417035e-02 2.261528565732936757e-01 5.641892578192509999e-01 5.129634220631135166e-01 3.320391382724717511e-02 1.248744882170000076e+10 2.467207149219999790e+09 7.507711880807541732e-03 3.211411846557696292e-02 1.082058942048556849e-02 4.931397371869999935e-01 2.870361609539999748e-01 1.241659648166616031e-01 -5.385261670150000013e-01 3.234517748629698874e-01 1.579793549521455592e-02
8.035146691003296837e+01 8.702053352787569906e+01 2.222671327241439176e-01 1.815590275543487939e-02 2.123057310841462708e-01 5.460582794277485386e-01 4.746216932728897775e-01 3.147991943225765532e-02 1.312309220360000038e+10 2.727628362230000019e+09 5.367198713983367328e-03 2.519670660731214429e-02 8.291646582276256464e-03 5.370336754950000291e-01 2.861584253159999980e-01 1.006325419205779254e-01 -5.721762457350000330e-01 2.783674209082701023e-01 1.586392971299258048e-02
8.212738247762599997e+01 7.216226206068208171e+01 1.939622517235280175e-01 1.750799140813106419e-02 1.968605901257218793e-01 5.226465343905275507e-01 4.422249151732772221e-01 2.922054210729580631e-02 1.211354911360000038e+10 2.621171517590000153e+09 4.082384864566406847e-03 2.002159318492088488e-02 6.620470097486150923e-03 5.656791559570000238e-01 2.882452999540000005e-01 8.781095097224703161e-02 -5.474921412740000326e-01 2.498697527691768616e-01 1.527558602377955717e-02
8.386299941121055213e+01 5.756844834395290178e+01 1.473351946204027318e-01 1.704025967440379180e-02 1.779555115870478099e-01 4.972991017225824040e-01 4.027372570118746831e-01 2.615707692551001023e-02 1.165551283500000000e+10 2.675354307670000076e+09 2.715704921832351112e-03 1.485312587493891820e-02 4.756063484205562408e-03 6.174268753289999800e-01 2.774152481669999726e-01 7.064379498189737872e-02 -5.934378909319999451e-01 2.071271973984714909e-01 1.480518657753638820e-02
8.567880240226095623e+01 4.296071026596517584e+01 1.042026173564307573e-01 1.583421341916344677e-02 1.517656432967592894e-01 4.581898880218452375e-01 3.509981360339201606e-01 2.288532187905982160e-02 1.103931966929999924e+10 2.770216716150000095e+09 1.465153333344605896e-03 1.015501686518447896e-02 2.908485661910624985e-03 6.759577173630000324e-01 2.703862116910000224e-01 5.302383891568081264e-02 -6.877479621800000054e-01 1.414533057396443749e-01 1.423688000138860141e-02
8.745543758831841785e+01 2.663653782097313538e+01 4.877392697097986118e-02 1.360285297068158233e-02 1.136766509179062690e-01 3.857429611584856088e-01 2.785224433044913295e-01 1.778096622187941636e-02 8.702061887649999619e+09 2.554153414300000191e+09 5.771821432380144171e-04 5.354272656665033311e-03 1.283762790614686924e-03 7.166112838389999684e-01 2.550779044029999887e-01 3.733316101536997972e-02 -7.932636695379999825e-01 7.081862716913718547e-02 1.253758456105287349e-02
8.878652614225153172e+01 1.630108172498230346e+01 1.539720060105522793e-02 9.948424896575588927e-03 7.451740103188142506e-02 2.773485975274952997e-01 1.862315869501272037e-01 1.226270818141851279e-02 6.849638727810000420e+09 2.240548650929999828e+09 1.675399425053807035e-04 2.073234441102941254e-03 3.954599786670628860e-04 6.856127447580000478e-01 2.174924182590000088e-01 2.656934143644383919e-02 -9.549057493110000294e-01 2.149886354274093553e-02 9.397238140125635519e-03
