  begin c2_def;
    nsec 27;
    sec  1    0.00000e+00    7.00600e-05    4.61336e-16   -2.00000e+01 ;
    sec  2   -2.06477e-05   -1.22119e-02    3.11651e+00   -2.00000e+01 ;
    sec  3   -7.28810e-03   -2.49251e-02    6.23302e+00   -2.00000e+01 ;
    sec  4   -1.89235e-02   -2.73351e-02    7.27189e+00   -2.00000e+01 ;
    sec  5   -5.41282e-02   -2.82163e-02    9.03840e+00   -2.00000e+01 ;
    sec  6   -1.26633e-01   -2.13210e-02    1.08060e+01   -2.00000e+01 ;
    sec  7   -2.25666e-01   -1.28378e-02    1.26786e+01   -2.00000e+01 ;
    sec  8   -2.88563e-01   -7.70659e-03    1.37194e+01   -2.00000e+01 ;
    sec  9   -3.99194e-01   -4.88317e-03    1.55929e+01   -1.99766e+01 ;
    sec 10   -5.76634e-01   -1.80296e-02    1.89225e+01   -1.80468e+01 ;
    sec 11   -7.07136e-01   -5.01772e-02    2.22496e+01   -1.45414e+01 ;
    sec 12   -7.91081e-01   -9.41228e-02    2.55750e+01   -1.13109e+01 ;
    sec 13   -8.37195e-01   -1.48880e-01    2.88997e+01   -8.25878e+00 ;
    sec 14   -8.53948e-01   -2.14514e-01    3.22241e+01   -5.75693e+00 ;
    sec 15   -8.49367e-01   -2.90618e-01    3.55487e+01   -4.23134e+00 ;
    sec 16   -7.93920e-01   -4.62574e-01    4.17824e+01   -2.38631e+00 ;
    sec 17   -7.16284e-01   -6.88437e-01    4.84323e+01   -8.57136e-01 ;
    sec 18   -6.34358e-01   -9.60017e-01    5.50824e+01    3.60052e-01 ;
    sec 19   -5.53179e-01   -1.28424e+00    6.17323e+01    1.33392e+00 ;
    sec 20   -4.75422e-01   -1.66402e+00    6.83819e+01    2.12493e+00 ;
    sec 21   -4.03180e-01   -2.10743e+00    7.50311e+01    2.75804e+00 ;
    sec 22   -3.30085e-01   -2.65630e+00    8.20957e+01    3.28346e+00 ;
    sec 23   -3.10140e-01   -2.78882e+00    8.36540e+01    3.38743e+00 ;
    sec 24   -2.86719e-01   -2.92517e+00    8.52127e+01    3.48773e+00 ;
    sec 25   -2.55823e-01   -3.06577e+00    8.67713e+01    3.58454e+00 ;
    sec 26   -2.07891e-01   -3.20952e+00    8.83298e+01    3.67826e+00 ;
    sec 27   -8.98940e-02   -3.33685e+00    8.97196e+01    3.72197e+00 ;
  end c2_def;
