# Speed[rad/s]             1             2             3             4             5             6             7             8             9            10            11            12             1             2             3             4             5             6             7             8             9            10            11            12
  0.000000E+00  0.000000E+00  0.249707E+00  0.254703E+00  0.556198E+00  0.607770E+00  0.654243E+00  0.953696E+00  0.968816E+00  0.139301E+01  0.157708E+01  0.182340E+01  0.187112E+01  0.100000E+03  0.321402E+00  0.328850E+00  0.347241E+00  0.490862E+00  0.521069E+00  0.485799E+00  0.497984E+00  0.765436E+00  0.142216E+01  0.142369E+01  0.945084E+00
  0.104720E+00  0.000000E+00  0.249692E+00  0.254704E+00  0.552048E+00  0.612565E+00  0.654778E+00  0.943058E+00  0.979622E+00  0.139232E+01  0.157849E+01  0.182383E+01  0.187136E+01  0.100000E+03  0.321390E+00  0.328851E+00  0.358020E+00  0.479510E+00  0.520602E+00  0.489317E+00  0.494402E+00  0.769012E+00  0.141823E+01  0.142282E+01  0.945481E+00
  0.209440E+00  0.000000E+00  0.249645E+00  0.254707E+00  0.542472E+00  0.623990E+00  0.656459E+00  0.927452E+00  0.995730E+00  0.139032E+01  0.158266E+01  0.182512E+01  0.187208E+01  0.100000E+03  0.321352E+00  0.328852E+00  0.373786E+00  0.462372E+00  0.518870E+00  0.490372E+00  0.493157E+00  0.779011E+00  0.140717E+01  0.142016E+01  0.946713E+00
  0.314159E+00  0.000000E+00  0.249568E+00  0.254711E+00  0.530979E+00  0.638115E+00  0.659684E+00  0.911505E+00  0.101252E+01  0.138719E+01  0.158937E+01  0.182726E+01  0.187330E+01  0.100000E+03  0.321290E+00  0.328855E+00  0.384141E+00  0.452326E+00  0.513433E+00  0.490648E+00  0.492574E+00  0.793595E+00  0.139085E+01  0.141559E+01  0.948917E+00
  0.418879E+00  0.000000E+00  0.249461E+00  0.254717E+00  0.519088E+00  0.651552E+00  0.666288E+00  0.895590E+00  0.102961E+01  0.138321E+01  0.159837E+01  0.183023E+01  0.187501E+01  0.100000E+03  0.321201E+00  0.328859E+00  0.389933E+00  0.462844E+00  0.490034E+00  0.490682E+00  0.492129E+00  0.810591E+00  0.137148E+01  0.140887E+01  0.952336E+00
  0.523599E+00  0.000000E+00  0.249322E+00  0.254725E+00  0.507376E+00  0.660254E+00  0.679687E+00  0.879793E+00  0.104692E+01  0.137866E+01  0.160936E+01  0.183402E+01  0.187724E+01  0.100000E+03  0.321083E+00  0.328864E+00  0.392768E+00  0.489739E+00  0.451337E+00  0.490621E+00  0.491701E+00  0.828129E+00  0.135097E+01  0.139962E+01  0.957358E+00
  0.628319E+00  0.000000E+00  0.249152E+00  0.254734E+00  0.496080E+00  0.666367E+00  0.697430E+00  0.864152E+00  0.106444E+01  0.137378E+01  0.162206E+01  0.183858E+01  0.188001E+01  0.100000E+03  0.320937E+00  0.328870E+00  0.393630E+00  0.497428E+00  0.432027E+00  0.490553E+00  0.491249E+00  0.844914E+00  0.133070E+01  0.138730E+01  0.964554E+00
  0.733038E+00  0.000000E+00  0.248951E+00  0.254744E+00  0.485303E+00  0.672381E+00  0.716829E+00  0.848701E+00  0.108213E+01  0.136881E+01  0.163623E+01  0.184387E+01  0.188336E+01  0.100000E+03  0.320758E+00  0.328877E+00  0.393094E+00  0.497106E+00  0.420403E+00  0.490573E+00  0.490759E+00  0.860195E+00  0.131149E+01  0.137109E+01  0.974739E+00
  0.837758E+00  0.000000E+00  0.248719E+00  0.254754E+00  0.475093E+00  0.678881E+00  0.737113E+00  0.833504E+00  0.110000E+01  0.136392E+01  0.165167E+01  0.184981E+01  0.188734E+01  0.100000E+03  0.320546E+00  0.328885E+00  0.391521E+00  0.494176E+00  0.410712E+00  0.490847E+00  0.490235E+00  0.873625E+00  0.129379E+01  0.134993E+01  0.989009E+00
  0.942478E+00  0.000000E+00  0.248456E+00  0.254765E+00  0.465463E+00  0.686006E+00  0.757838E+00  0.818765E+00  0.111804E+01  0.135927E+01  0.166821E+01  0.185633E+01  0.189204E+01  0.100000E+03  0.320298E+00  0.328894E+00  0.389153E+00  0.490030E+00  0.401217E+00  0.491655E+00  0.489689E+00  0.885102E+00  0.127781E+01  0.132251E+01  0.100869E+01
  0.104720E+01  0.000000E+00  0.248162E+00  0.254777E+00  0.456412E+00  0.693784E+00  0.777608E+00  0.805761E+00  0.113624E+01  0.135496E+01  0.168570E+01  0.186329E+01  0.189757E+01  0.100000E+03  0.320009E+00  0.328904E+00  0.386171E+00  0.485153E+00  0.393968E+00  0.490466E+00  0.489151E+00  0.894660E+00  0.126362E+01  0.128760E+01  0.103504E+01
