# Speed[rad/s]             1             2             3             4             5             6             7             8             9            10            11            12             1             2             3             4             5             6             7             8             9            10            11            12
  0.000000E+00  0.000000E+00  0.632897E+00  0.632897E+00  0.636482E+00  0.964377E+00  0.964377E+00  0.179837E+01  0.180080E+01  0.180080E+01  0.187940E+01  0.285732E+01  0.285732E+01  0.100000E+03  0.502955E+00  0.502955E+00  0.501983E+00  0.489513E+00  0.489513E+00  0.141577E+01  0.140649E+01  0.140649E+01  0.910135E+00  0.144764E+01  0.144764E+01
  0.104720E+00  0.000000E+00  0.616640E+00  0.649973E+00  0.636905E+00  0.947796E+00  0.981130E+00  0.179882E+01  0.178459E+01  0.181793E+01  0.187963E+01  0.284085E+01  0.287418E+01  0.100000E+03  0.502625E+00  0.502625E+00  0.501641E+00  0.489462E+00  0.489461E+00  0.141527E+01  0.140613E+01  0.140613E+01  0.910149E+00  0.144749E+01  0.144749E+01
  0.209440E+00  0.000000E+00  0.601201E+00  0.667864E+00  0.638173E+00  0.931386E+00  0.998056E+00  0.180016E+01  0.176931E+01  0.183598E+01  0.188031E+01  0.282476E+01  0.289143E+01  0.100000E+03  0.501640E+00  0.501642E+00  0.500622E+00  0.489310E+00  0.489308E+00  0.141377E+01  0.140504E+01  0.140504E+01  0.910199E+00  0.144706E+01  0.144706E+01
  0.314159E+00  0.000000E+00  0.586575E+00  0.686562E+00  0.640279E+00  0.915146E+00  0.101516E+01  0.180240E+01  0.175495E+01  0.185495E+01  0.188144E+01  0.280905E+01  0.290906E+01  0.100000E+03  0.500014E+00  0.500022E+00  0.498940E+00  0.489057E+00  0.489052E+00  0.141124E+01  0.140323E+01  0.140323E+01  0.910311E+00  0.144634E+01  0.144633E+01
  0.418879E+00  0.000000E+00  0.572753E+00  0.706054E+00  0.643213E+00  0.899075E+00  0.103243E+01  0.180552E+01  0.174151E+01  0.187484E+01  0.188303E+01  0.279373E+01  0.292707E+01  0.100000E+03  0.497772E+00  0.497791E+00  0.496620E+00  0.488705E+00  0.488695E+00  0.140766E+01  0.140071E+01  0.140071E+01  0.910529E+00  0.144534E+01  0.144532E+01
  0.523599E+00  0.000000E+00  0.559720E+00  0.726323E+00  0.646960E+00  0.883171E+00  0.104989E+01  0.180952E+01  0.172898E+01  0.189564E+01  0.188507E+01  0.277878E+01  0.294546E+01  0.100000E+03  0.494946E+00  0.494983E+00  0.493695E+00  0.488255E+00  0.488235E+00  0.140296E+01  0.139749E+01  0.139750E+01  0.910923E+00  0.144405E+01  0.144403E+01
  0.628319E+00  0.000000E+00  0.547460E+00  0.747349E+00  0.651503E+00  0.867433E+00  0.106752E+01  0.181437E+01  0.171736E+01  0.191735E+01  0.188759E+01  0.276422E+01  0.296423E+01  0.100000E+03  0.491578E+00  0.491643E+00  0.490205E+00  0.487709E+00  0.487674E+00  0.139707E+01  0.139359E+01  0.139360E+01  0.911595E+00  0.144249E+01  0.144247E+01
  0.733038E+00  0.000000E+00  0.535952E+00  0.769107E+00  0.656821E+00  0.851860E+00  0.108533E+01  0.182006E+01  0.170663E+01  0.193995E+01  0.189058E+01  0.275003E+01  0.298338E+01  0.100000E+03  0.487714E+00  0.487820E+00  0.486197E+00  0.487067E+00  0.487012E+00  0.138986E+01  0.138903E+01  0.138904E+01  0.912692E+00  0.144065E+01  0.144063E+01
  0.837758E+00  0.000000E+00  0.525173E+00  0.791568E+00  0.662889E+00  0.836451E+00  0.110333E+01  0.182656E+01  0.169679E+01  0.196343E+01  0.189406E+01  0.273621E+01  0.300291E+01  0.100000E+03  0.483406E+00  0.483571E+00  0.481723E+00  0.486330E+00  0.486250E+00  0.138115E+01  0.138381E+01  0.138383E+01  0.914423E+00  0.143855E+01  0.143853E+01
  0.942478E+00  0.000000E+00  0.515096E+00  0.814658E+00  0.669683E+00  0.821249E+00  0.112150E+01  0.183385E+01  0.168783E+01  0.198779E+01  0.189805E+01  0.272276E+01  0.302280E+01  0.100000E+03  0.478711E+00  0.479056E+00  0.476837E+00  0.485398E+00  0.485389E+00  0.137066E+01  0.137798E+01  0.137801E+01  0.917088E+00  0.143619E+01  0.143617E+01
  0.104720E+01  0.000000E+00  0.505693E+00  0.838509E+00  0.677173E+00  0.806089E+00  0.113986E+01  0.184187E+01  0.167974E+01  0.201301E+01  0.190257E+01  0.270968E+01  0.304306E+01  0.100000E+03  0.473686E+00  0.473996E+00  0.471595E+00  0.484612E+00  0.484428E+00  0.135800E+01  0.137155E+01  0.137159E+01  0.921114E+00  0.143358E+01  0.143356E+01
