# Speed[rad/s]             1             2             3             4             5             6             7             8             9            10            11            12             1             2             3             4             5             6             7             8             9            10            11            12
  0.000000E+00  0.000000E+00  0.623035E+00  0.623035E+00  0.636480E+00  0.962971E+00  0.962971E+00  0.174188E+01  0.174188E+01  0.179805E+01  0.186900E+01  0.285196E+01  0.285196E+01  0.100000E+03  0.482165E+00  0.482165E+00  0.501984E+00  0.487841E+00  0.487841E+00  0.129117E+01  0.129117E+01  0.141488E+01  0.926804E+00  0.144171E+01  0.144171E+01
  0.104720E+00  0.000000E+00  0.606792E+00  0.640083E+00  0.636904E+00  0.979724E+00  0.946388E+00  0.175894E+01  0.172572E+01  0.179849E+01  0.186922E+01  0.283553E+01  0.286878E+01  0.100000E+03  0.481869E+00  0.481795E+00  0.501642E+00  0.487813E+00  0.487770E+00  0.129071E+01  0.129089E+01  0.141435E+01  0.926867E+00  0.144156E+01  0.144156E+01
  0.209440E+00  0.000000E+00  0.591353E+00  0.657931E+00  0.638171E+00  0.996650E+00  0.929974E+00  0.177691E+01  0.171045E+01  0.179983E+01  0.186990E+01  0.281948E+01  0.288598E+01  0.100000E+03  0.480909E+00  0.480765E+00  0.500623E+00  0.487686E+00  0.487600E+00  0.128952E+01  0.128988E+01  0.141274E+01  0.927068E+00  0.144112E+01  0.144112E+01
  0.314159E+00  0.000000E+00  0.576713E+00  0.676571E+00  0.640277E+00  0.101375E+01  0.913728E+00  0.179577E+01  0.169609E+01  0.180205E+01  0.187102E+01  0.280382E+01  0.290356E+01  0.100000E+03  0.479302E+00  0.479089E+00  0.498941E+00  0.487458E+00  0.487331E+00  0.128760E+01  0.128814E+01  0.141001E+01  0.927443E+00  0.144039E+01  0.144038E+01
  0.418879E+00  0.000000E+00  0.562863E+00  0.695991E+00  0.643211E+00  0.103102E+01  0.897648E+00  0.181552E+01  0.168262E+01  0.180515E+01  0.187260E+01  0.278854E+01  0.292153E+01  0.100000E+03  0.477072E+00  0.476796E+00  0.496621E+00  0.487132E+00  0.486966E+00  0.128497E+01  0.128569E+01  0.140612E+01  0.928058E+00  0.143936E+01  0.143936E+01
  0.523599E+00  0.000000E+00  0.549789E+00  0.716173E+00  0.646958E+00  0.104847E+01  0.881733E+00  0.183616E+01  0.167004E+01  0.180911E+01  0.187464E+01  0.277364E+01  0.293988E+01  0.100000E+03  0.474251E+00  0.473919E+00  0.493696E+00  0.486706E+00  0.486505E+00  0.128162E+01  0.128252E+01  0.140098E+01  0.929017E+00  0.143805E+01  0.143804E+01
  0.628319E+00  0.000000E+00  0.537474E+00  0.737096E+00  0.651501E+00  0.106610E+01  0.865982E+00  0.185768E+01  0.165834E+01  0.181392E+01  0.187715E+01  0.275911E+01  0.295861E+01  0.100000E+03  0.470880E+00  0.470502E+00  0.490206E+00  0.486182E+00  0.485950E+00  0.127759E+01  0.127867E+01  0.139445E+01  0.930473E+00  0.143646E+01  0.143645E+01
  0.733038E+00  0.000000E+00  0.525899E+00  0.758737E+00  0.656819E+00  0.108390E+01  0.850392E+00  0.188007E+01  0.164752E+01  0.181955E+01  0.188014E+01  0.274496E+01  0.297771E+01  0.100000E+03  0.467008E+00  0.466594E+00  0.486199E+00  0.485560E+00  0.485302E+00  0.127289E+01  0.127414E+01  0.138633E+01  0.932652E+00  0.143459E+01  0.143459E+01
  0.837758E+00  0.000000E+00  0.515039E+00  0.781065E+00  0.662887E+00  0.110189E+01  0.834964E+00  0.190332E+01  0.163757E+01  0.182596E+01  0.188364E+01  0.273119E+01  0.299719E+01  0.100000E+03  0.462684E+00  0.462253E+00  0.481725E+00  0.484841E+00  0.484560E+00  0.126753E+01  0.126896E+01  0.137632E+01  0.935881E+00  0.143246E+01  0.143246E+01
  0.942478E+00  0.000000E+00  0.504868E+00  0.804038E+00  0.669680E+00  0.112006E+01  0.819708E+00  0.192743E+01  0.162847E+01  0.183313E+01  0.188766E+01  0.271778E+01  0.301704E+01  0.100000E+03  0.457966E+00  0.457585E+00  0.476839E+00  0.484026E+00  0.483680E+00  0.126155E+01  0.126315E+01  0.136397E+01  0.940636E+00  0.143006E+01  0.143008E+01
  0.104720E+01  0.000000E+00  0.495360E+00  0.827696E+00  0.677170E+00  0.113841E+01  0.804549E+00  0.195237E+01  0.162022E+01  0.184099E+01  0.189225E+01  0.270473E+01  0.303726E+01  0.100000E+03  0.452911E+00  0.452486E+00  0.471598E+00  0.483115E+00  0.482827E+00  0.125497E+01  0.125674E+01  0.134864E+01  0.947595E+00  0.142741E+01  0.142745E+01
