# Speed[rad/s]             1             2             3             4             5             6             7             8             9            10            11            12             1             2             3             4             5             6             7             8             9            10            11            12
  0.000000E+00  0.000000E+00  0.249745E+00  0.254731E+00  0.564593E+00  0.616724E+00  0.654696E+00  0.954784E+00  0.969982E+00  0.141342E+01  0.161560E+01  0.182439E+01  0.188104E+01  0.100000E+03  0.321545E+00  0.328961E+00  0.362248E+00  0.509315E+00  0.522635E+00  0.485819E+00  0.499084E+00  0.771929E+00  0.153682E+01  0.143129E+01  0.920960E+00
  0.104720E+00  0.000000E+00  0.249730E+00  0.254732E+00  0.560503E+00  0.621392E+00  0.655305E+00  0.944176E+00  0.980757E+00  0.141285E+01  0.161687E+01  0.182483E+01  0.188128E+01  0.100000E+03  0.321535E+00  0.328961E+00  0.373101E+00  0.497848E+00  0.522201E+00  0.489696E+00  0.495145E+00  0.775276E+00  0.153314E+01  0.143059E+01  0.921175E+00
  0.209440E+00  0.000000E+00  0.249688E+00  0.254735E+00  0.551021E+00  0.632420E+00  0.657312E+00  0.928587E+00  0.996848E+00  0.141120E+01  0.162061E+01  0.182615E+01  0.188199E+01  0.100000E+03  0.321506E+00  0.328962E+00  0.389207E+00  0.480564E+00  0.520246E+00  0.490925E+00  0.493731E+00  0.784767E+00  0.152267E+01  0.142844E+01  0.921844E+00
  0.314159E+00  0.000000E+00  0.249616E+00  0.254739E+00  0.539601E+00  0.645287E+00  0.661762E+00  0.912651E+00  0.101362E+01  0.140860E+01  0.162669E+01  0.182834E+01  0.188318E+01  0.100000E+03  0.321456E+00  0.328963E+00  0.399930E+00  0.473727E+00  0.511180E+00  0.491312E+00  0.493047E+00  0.798964E+00  0.150687E+01  0.142477E+01  0.923049E+00
  0.418879E+00  0.000000E+00  0.249516E+00  0.254744E+00  0.527766E+00  0.655146E+00  0.671940E+00  0.896749E+00  0.103070E+01  0.140526E+01  0.163490E+01  0.183139E+01  0.188485E+01  0.100000E+03  0.321386E+00  0.328965E+00  0.406004E+00  0.489152E+00  0.482515E+00  0.491446E+00  0.492522E+00  0.816054E+00  0.148759E+01  0.141945E+01  0.924937E+00
  0.523599E+00  0.000000E+00  0.249388E+00  0.254751E+00  0.516101E+00  0.661282E+00  0.687924E+00  0.880968E+00  0.104801E+01  0.140139E+01  0.164500E+01  0.183528E+01  0.188703E+01  0.100000E+03  0.321293E+00  0.328968E+00  0.409037E+00  0.499493E+00  0.460061E+00  0.491496E+00  0.492021E+00  0.834336E+00  0.146660E+01  0.141225E+01  0.927742E+00
  0.628319E+00  0.000000E+00  0.249231E+00  0.254759E+00  0.504849E+00  0.666742E+00  0.706347E+00  0.865350E+00  0.106550E+01  0.139720E+01  0.165676E+01  0.183999E+01  0.188971E+01  0.100000E+03  0.321176E+00  0.328971E+00  0.410035E+00  0.500607E+00  0.447022E+00  0.491570E+00  0.491498E+00  0.852490E+00  0.144528E+01  0.140284E+01  0.931813E+00
  0.733038E+00  0.000000E+00  0.249046E+00  0.254767E+00  0.494119E+00  0.672563E+00  0.725967E+00  0.849935E+00  0.108319E+01  0.139290E+01  0.166997E+01  0.184549E+01  0.189294E+01  0.100000E+03  0.321034E+00  0.328975E+00  0.409592E+00  0.498478E+00  0.436852E+00  0.491805E+00  0.490938E+00  0.869638E+00  0.142461E+01  0.139072E+01  0.937658E+00
  0.837758E+00  0.000000E+00  0.248832E+00  0.254777E+00  0.483957E+00  0.678986E+00  0.746331E+00  0.834813E+00  0.110105E+01  0.138864E+01  0.168443E+01  0.185172E+01  0.189673E+01  0.100000E+03  0.320865E+00  0.328980E+00  0.408080E+00  0.494897E+00  0.427298E+00  0.492466E+00  0.490340E+00  0.885279E+00  0.140519E+01  0.137518E+01  0.946005E+00
  0.942478E+00  0.000000E+00  0.248590E+00  0.254787E+00  0.474379E+00  0.686073E+00  0.766961E+00  0.820296E+00  0.111908E+01  0.138456E+01  0.169999E+01  0.185862E+01  0.190115E+01  0.100000E+03  0.320666E+00  0.328986E+00  0.405748E+00  0.490459E+00  0.417131E+00  0.494113E+00  0.489711E+00  0.899176E+00  0.138738E+01  0.135522E+01  0.957862E+00
  0.104720E+01  0.000000E+00  0.248319E+00  0.254797E+00  0.465385E+00  0.693830E+00  0.785393E+00  0.808746E+00  0.113728E+01  0.138078E+01  0.171650E+01  0.186612E+01  0.190626E+01  0.100000E+03  0.320435E+00  0.328992E+00  0.402782E+00  0.485430E+00  0.410962E+00  0.491869E+00  0.489072E+00  0.911262E+00  0.137138E+01  0.132958E+01  0.974529E+00
